30 10 1 
0 0 0 0 0 0 0 0 0 0
0 0 0 0
0 0
20 1 1 232 1 2 232 1 3 232 1 4 232 1 5 232 1 6 232 1 7 232 1 8 232 1 9 232 1 10 232 1 10 421 1 9 421 1 8 421 1 7 421 1 6 421 1 5 421 1 4 421 1 3 421 1 2 421 1 1 421
20 1 1 268 1 2 268 1 3 268 1 4 268 1 5 268 1 6 268 1 7 268 1 8 268 1 9 268 1 10 268 1 10 491 1 9 491 1 8 491 1 7 491 1 6 491 1 5 491 1 4 491 1 3 491 1 2 491 1 1 491
20 1 1 303 1 2 303 1 3 303 1 4 303 1 5 303 1 6 303 1 7 303 1 8 303 1 9 303 1 10 303 1 10 562 1 9 562 1 8 562 1 7 562 1 6 562 1 5 562 1 4 562 1 3 562 1 2 562 1 1 562
20 1 1 362 1 2 362 1 3 362 1 4 362 1 5 362 1 6 362 1 7 362 1 8 362 1 9 362 1 10 362 1 10 679 1 9 679 1 8 679 1 7 679 1 6 679 1 5 679 1 4 679 1 3 679 1 2 679 1 1 679
20 1 1 444 1 2 444 1 3 444 1 4 444 1 5 444 1 6 444 1 7 444 1 8 444 1 9 444 1 10 444 1 10 844 1 9 844 1 8 844 1 7 844 1 6 844 1 5 844 1 4 844 1 3 844 1 2 844 1 1 844
20 1 1 573 1 2 573 1 3 573 1 4 573 1 5 573 1 6 573 1 7 573 1 8 573 1 9 573 1 10 573 1 10 1102 1 9 1102 1 8 1102 1 7 1102 1 6 1102 1 5 1102 1 4 1102 1 3 1102 1 2 1102 1 1 1102
20 1 1 714 1 2 714 1 3 714 1 4 714 1 5 714 1 6 714 1 7 714 1 8 714 1 9 714 1 10 714 1 10 1384 1 9 1384 1 8 1384 1 7 1384 1 6 1384 1 5 1384 1 4 1384 1 3 1384 1 2 1384 1 1 1384
20 1 1 232 1 2 232 1 3 232 1 4 232 1 5 232 1 6 232 1 7 232 1 8 232 1 9 232 1 10 232 1 10 421 1 9 421 1 8 421 1 7 421 1 6 421 1 5 421 1 4 421 1 3 421 1 2 421 1 1 421
20 1 1 268 1 2 268 1 3 268 1 4 268 1 5 268 1 6 268 1 7 268 1 8 268 1 9 268 1 10 268 1 10 491 1 9 491 1 8 491 1 7 491 1 6 491 1 5 491 1 4 491 1 3 491 1 2 491 1 1 491
20 1 1 303 1 2 303 1 3 303 1 4 303 1 5 303 1 6 303 1 7 303 1 8 303 1 9 303 1 10 303 1 10 562 1 9 562 1 8 562 1 7 562 1 6 562 1 5 562 1 4 562 1 3 562 1 2 562 1 1 562
20 1 1 362 1 2 362 1 3 362 1 4 362 1 5 362 1 6 362 1 7 362 1 8 362 1 9 362 1 10 362 1 10 679 1 9 679 1 8 679 1 7 679 1 6 679 1 5 679 1 4 679 1 3 679 1 2 679 1 1 679
20 1 1 444 1 2 444 1 3 444 1 4 444 1 5 444 1 6 444 1 7 444 1 8 444 1 9 444 1 10 444 1 10 844 1 9 844 1 8 844 1 7 844 1 6 844 1 5 844 1 4 844 1 3 844 1 2 844 1 1 844
20 1 1 573 1 2 573 1 3 573 1 4 573 1 5 573 1 6 573 1 7 573 1 8 573 1 9 573 1 10 573 1 10 1102 1 9 1102 1 8 1102 1 7 1102 1 6 1102 1 5 1102 1 4 1102 1 3 1102 1 2 1102 1 1 1102
20 1 1 714 1 2 714 1 3 714 1 4 714 1 5 714 1 6 714 1 7 714 1 8 714 1 9 714 1 10 714 1 10 1384 1 9 1384 1 8 1384 1 7 1384 1 6 1384 1 5 1384 1 4 1384 1 3 1384 1 2 1384 1 1 1384
20 1 1 232 1 2 232 1 3 232 1 4 232 1 5 232 1 6 232 1 7 232 1 8 232 1 9 232 1 10 232 1 10 421 1 9 421 1 8 421 1 7 421 1 6 421 1 5 421 1 4 421 1 3 421 1 2 421 1 1 421
20 1 1 268 1 2 268 1 3 268 1 4 268 1 5 268 1 6 268 1 7 268 1 8 268 1 9 268 1 10 268 1 10 491 1 9 491 1 8 491 1 7 491 1 6 491 1 5 491 1 4 491 1 3 491 1 2 491 1 1 491
20 1 1 303 1 2 303 1 3 303 1 4 303 1 5 303 1 6 303 1 7 303 1 8 303 1 9 303 1 10 303 1 10 562 1 9 562 1 8 562 1 7 562 1 6 562 1 5 562 1 4 562 1 3 562 1 2 562 1 1 562
20 1 1 362 1 2 362 1 3 362 1 4 362 1 5 362 1 6 362 1 7 362 1 8 362 1 9 362 1 10 362 1 10 679 1 9 679 1 8 679 1 7 679 1 6 679 1 5 679 1 4 679 1 3 679 1 2 679 1 1 679
20 1 1 444 1 2 444 1 3 444 1 4 444 1 5 444 1 6 444 1 7 444 1 8 444 1 9 444 1 10 444 1 10 844 1 9 844 1 8 844 1 7 844 1 6 844 1 5 844 1 4 844 1 3 844 1 2 844 1 1 844
20 1 1 573 1 2 573 1 3 573 1 4 573 1 5 573 1 6 573 1 7 573 1 8 573 1 9 573 1 10 573 1 10 1102 1 9 1102 1 8 1102 1 7 1102 1 6 1102 1 5 1102 1 4 1102 1 3 1102 1 2 1102 1 1 1102
20 1 1 714 1 2 714 1 3 714 1 4 714 1 5 714 1 6 714 1 7 714 1 8 714 1 9 714 1 10 714 1 10 1384 1 9 1384 1 8 1384 1 7 1384 1 6 1384 1 5 1384 1 4 1384 1 3 1384 1 2 1384 1 1 1384
20 1 1 232 1 2 232 1 3 232 1 4 232 1 5 232 1 6 232 1 7 232 1 8 232 1 9 232 1 10 232 1 10 421 1 9 421 1 8 421 1 7 421 1 6 421 1 5 421 1 4 421 1 3 421 1 2 421 1 1 421
20 1 1 268 1 2 268 1 3 268 1 4 268 1 5 268 1 6 268 1 7 268 1 8 268 1 9 268 1 10 268 1 10 491 1 9 491 1 8 491 1 7 491 1 6 491 1 5 491 1 4 491 1 3 491 1 2 491 1 1 491
20 1 1 303 1 2 303 1 3 303 1 4 303 1 5 303 1 6 303 1 7 303 1 8 303 1 9 303 1 10 303 1 10 562 1 9 562 1 8 562 1 7 562 1 6 562 1 5 562 1 4 562 1 3 562 1 2 562 1 1 562
20 1 1 362 1 2 362 1 3 362 1 4 362 1 5 362 1 6 362 1 7 362 1 8 362 1 9 362 1 10 362 1 10 679 1 9 679 1 8 679 1 7 679 1 6 679 1 5 679 1 4 679 1 3 679 1 2 679 1 1 679
20 1 1 444 1 2 444 1 3 444 1 4 444 1 5 444 1 6 444 1 7 444 1 8 444 1 9 444 1 10 444 1 10 844 1 9 844 1 8 844 1 7 844 1 6 844 1 5 844 1 4 844 1 3 844 1 2 844 1 1 844
20 1 1 573 1 2 573 1 3 573 1 4 573 1 5 573 1 6 573 1 7 573 1 8 573 1 9 573 1 10 573 1 10 1102 1 9 1102 1 8 1102 1 7 1102 1 6 1102 1 5 1102 1 4 1102 1 3 1102 1 2 1102 1 1 1102
20 1 1 714 1 2 714 1 3 714 1 4 714 1 5 714 1 6 714 1 7 714 1 8 714 1 9 714 1 10 714 1 10 1384 1 9 1384 1 8 1384 1 7 1384 1 6 1384 1 5 1384 1 4 1384 1 3 1384 1 2 1384 1 1 1384
20 1 1 232 1 2 232 1 3 232 1 4 232 1 5 232 1 6 232 1 7 232 1 8 232 1 9 232 1 10 232 1 10 421 1 9 421 1 8 421 1 7 421 1 6 421 1 5 421 1 4 421 1 3 421 1 2 421 1 1 421
20 1 1 268 1 2 268 1 3 268 1 4 268 1 5 268 1 6 268 1 7 268 1 8 268 1 9 268 1 10 268 1 10 491 1 9 491 1 8 491 1 7 491 1 6 491 1 5 491 1 4 491 1 3 491 1 2 491 1 1 491
