30 16 1
0 0 0 0 0 0 0 0 0 0 0 0 0 0 0 0
0 0 0 0
0 0
32 1 1 132 1 2 132 1 3 132 1 4 132 1 5 132 1 6 132 1 7 132 1 8 132 1 9 132 1 10 132 1 11 132 1 12 132 1 13 132 1 14 132 1 15 132 1 16 132 1 16 370 1 15 370 1 14 370 1 13 370 1 12 370 1 11 370 1 10 370 1 9 370 1 8 370 1 7 370 1 6 370 1 5 370 1 4 370 1 3 370 1 2 370 1 1 370
32 1 1 148 1 2 148 1 3 148 1 4 148 1 5 148 1 6 148 1 7 148 1 8 148 1 9 148 1 10 148 1 11 148 1 12 148 1 13 148 1 14 148 1 15 148 1 16 148 1 16 430 1 15 430 1 14 430 1 13 430 1 12 430 1 11 430 1 10 430 1 9 430 1 8 430 1 7 430 1 6 430 1 5 430 1 4 430 1 3 430 1 2 430 1 1 430
32 1 1 165 1 2 165 1 3 165 1 4 165 1 5 165 1 6 165 1 7 165 1 8 165 1 9 165 1 10 165 1 11 165 1 12 165 1 13 165 1 14 165 1 15 165 1 16 165 1 16 491 1 15 491 1 14 491 1 13 491 1 12 491 1 11 491 1 10 491 1 9 491 1 8 491 1 7 491 1 6 491 1 5 491 1 4 491 1 3 491 1 2 491 1 1 491
32 1 1 192 1 2 192 1 3 192 1 4 192 1 5 192 1 6 192 1 7 192 1 8 192 1 9 192 1 10 192 1 11 192 1 12 192 1 13 192 1 14 192 1 15 192 1 16 192 1 16 593 1 15 593 1 14 593 1 13 593 1 12 593 1 11 593 1 10 593 1 9 593 1 8 593 1 7 593 1 6 593 1 5 593 1 4 593 1 3 593 1 2 593 1 1 593
32 1 1 230 1 2 230 1 3 230 1 4 230 1 5 230 1 6 230 1 7 230 1 8 230 1 9 230 1 10 230 1 11 230 1 12 230 1 13 230 1 14 230 1 15 230 1 16 230 1 16 735 1 15 735 1 14 735 1 13 735 1 12 735 1 11 735 1 10 735 1 9 735 1 8 735 1 7 735 1 6 735 1 5 735 1 4 735 1 3 735 1 2 735 1 1 735
32 1 1 291 1 2 291 1 3 291 1 4 291 1 5 291 1 6 291 1 7 291 1 8 291 1 9 291 1 10 291 1 11 291 1 12 291 1 13 291 1 14 291 1 15 291 1 16 291 1 16 959 1 15 959 1 14 959 1 13 959 1 12 959 1 11 959 1 10 959 1 9 959 1 8 959 1 7 959 1 6 959 1 5 959 1 4 959 1 3 959 1 2 959 1 1 959
32 1 1 356 1 2 356 1 3 356 1 4 356 1 5 356 1 6 356 1 7 356 1 8 356 1 9 356 1 10 356 1 11 356 1 12 356 1 13 356 1 14 356 1 15 356 1 16 356 1 16 1202 1 15 1202 1 14 1202 1 13 1202 1 12 1202 1 11 1202 1 10 1202 1 9 1202 1 8 1202 1 7 1202 1 6 1202 1 5 1202 1 4 1202 1 3 1202 1 2 1202 1 1 1202
32 1 1 132 1 2 132 1 3 132 1 4 132 1 5 132 1 6 132 1 7 132 1 8 132 1 9 132 1 10 132 1 11 132 1 12 132 1 13 132 1 14 132 1 15 132 1 16 132 1 16 370 1 15 370 1 14 370 1 13 370 1 12 370 1 11 370 1 10 370 1 9 370 1 8 370 1 7 370 1 6 370 1 5 370 1 4 370 1 3 370 1 2 370 1 1 370
32 1 1 148 1 2 148 1 3 148 1 4 148 1 5 148 1 6 148 1 7 148 1 8 148 1 9 148 1 10 148 1 11 148 1 12 148 1 13 148 1 14 148 1 15 148 1 16 148 1 16 430 1 15 430 1 14 430 1 13 430 1 12 430 1 11 430 1 10 430 1 9 430 1 8 430 1 7 430 1 6 430 1 5 430 1 4 430 1 3 430 1 2 430 1 1 430
32 1 1 165 1 2 165 1 3 165 1 4 165 1 5 165 1 6 165 1 7 165 1 8 165 1 9 165 1 10 165 1 11 165 1 12 165 1 13 165 1 14 165 1 15 165 1 16 165 1 16 491 1 15 491 1 14 491 1 13 491 1 12 491 1 11 491 1 10 491 1 9 491 1 8 491 1 7 491 1 6 491 1 5 491 1 4 491 1 3 491 1 2 491 1 1 491
32 1 1 192 1 2 192 1 3 192 1 4 192 1 5 192 1 6 192 1 7 192 1 8 192 1 9 192 1 10 192 1 11 192 1 12 192 1 13 192 1 14 192 1 15 192 1 16 192 1 16 593 1 15 593 1 14 593 1 13 593 1 12 593 1 11 593 1 10 593 1 9 593 1 8 593 1 7 593 1 6 593 1 5 593 1 4 593 1 3 593 1 2 593 1 1 593
32 1 1 230 1 2 230 1 3 230 1 4 230 1 5 230 1 6 230 1 7 230 1 8 230 1 9 230 1 10 230 1 11 230 1 12 230 1 13 230 1 14 230 1 15 230 1 16 230 1 16 735 1 15 735 1 14 735 1 13 735 1 12 735 1 11 735 1 10 735 1 9 735 1 8 735 1 7 735 1 6 735 1 5 735 1 4 735 1 3 735 1 2 735 1 1 735
32 1 1 291 1 2 291 1 3 291 1 4 291 1 5 291 1 6 291 1 7 291 1 8 291 1 9 291 1 10 291 1 11 291 1 12 291 1 13 291 1 14 291 1 15 291 1 16 291 1 16 959 1 15 959 1 14 959 1 13 959 1 12 959 1 11 959 1 10 959 1 9 959 1 8 959 1 7 959 1 6 959 1 5 959 1 4 959 1 3 959 1 2 959 1 1 959
32 1 1 356 1 2 356 1 3 356 1 4 356 1 5 356 1 6 356 1 7 356 1 8 356 1 9 356 1 10 356 1 11 356 1 12 356 1 13 356 1 14 356 1 15 356 1 16 356 1 16 1202 1 15 1202 1 14 1202 1 13 1202 1 12 1202 1 11 1202 1 10 1202 1 9 1202 1 8 1202 1 7 1202 1 6 1202 1 5 1202 1 4 1202 1 3 1202 1 2 1202 1 1 1202
32 1 1 132 1 2 132 1 3 132 1 4 132 1 5 132 1 6 132 1 7 132 1 8 132 1 9 132 1 10 132 1 11 132 1 12 132 1 13 132 1 14 132 1 15 132 1 16 132 1 16 370 1 15 370 1 14 370 1 13 370 1 12 370 1 11 370 1 10 370 1 9 370 1 8 370 1 7 370 1 6 370 1 5 370 1 4 370 1 3 370 1 2 370 1 1 370
32 1 1 148 1 2 148 1 3 148 1 4 148 1 5 148 1 6 148 1 7 148 1 8 148 1 9 148 1 10 148 1 11 148 1 12 148 1 13 148 1 14 148 1 15 148 1 16 148 1 16 430 1 15 430 1 14 430 1 13 430 1 12 430 1 11 430 1 10 430 1 9 430 1 8 430 1 7 430 1 6 430 1 5 430 1 4 430 1 3 430 1 2 430 1 1 430
32 1 1 165 1 2 165 1 3 165 1 4 165 1 5 165 1 6 165 1 7 165 1 8 165 1 9 165 1 10 165 1 11 165 1 12 165 1 13 165 1 14 165 1 15 165 1 16 165 1 16 491 1 15 491 1 14 491 1 13 491 1 12 491 1 11 491 1 10 491 1 9 491 1 8 491 1 7 491 1 6 491 1 5 491 1 4 491 1 3 491 1 2 491 1 1 491
32 1 1 192 1 2 192 1 3 192 1 4 192 1 5 192 1 6 192 1 7 192 1 8 192 1 9 192 1 10 192 1 11 192 1 12 192 1 13 192 1 14 192 1 15 192 1 16 192 1 16 593 1 15 593 1 14 593 1 13 593 1 12 593 1 11 593 1 10 593 1 9 593 1 8 593 1 7 593 1 6 593 1 5 593 1 4 593 1 3 593 1 2 593 1 1 593
32 1 1 230 1 2 230 1 3 230 1 4 230 1 5 230 1 6 230 1 7 230 1 8 230 1 9 230 1 10 230 1 11 230 1 12 230 1 13 230 1 14 230 1 15 230 1 16 230 1 16 735 1 15 735 1 14 735 1 13 735 1 12 735 1 11 735 1 10 735 1 9 735 1 8 735 1 7 735 1 6 735 1 5 735 1 4 735 1 3 735 1 2 735 1 1 735
32 1 1 291 1 2 291 1 3 291 1 4 291 1 5 291 1 6 291 1 7 291 1 8 291 1 9 291 1 10 291 1 11 291 1 12 291 1 13 291 1 14 291 1 15 291 1 16 291 1 16 959 1 15 959 1 14 959 1 13 959 1 12 959 1 11 959 1 10 959 1 9 959 1 8 959 1 7 959 1 6 959 1 5 959 1 4 959 1 3 959 1 2 959 1 1 959
32 1 1 356 1 2 356 1 3 356 1 4 356 1 5 356 1 6 356 1 7 356 1 8 356 1 9 356 1 10 356 1 11 356 1 12 356 1 13 356 1 14 356 1 15 356 1 16 356 1 16 1202 1 15 1202 1 14 1202 1 13 1202 1 12 1202 1 11 1202 1 10 1202 1 9 1202 1 8 1202 1 7 1202 1 6 1202 1 5 1202 1 4 1202 1 3 1202 1 2 1202 1 1 1202
32 1 1 132 1 2 132 1 3 132 1 4 132 1 5 132 1 6 132 1 7 132 1 8 132 1 9 132 1 10 132 1 11 132 1 12 132 1 13 132 1 14 132 1 15 132 1 16 132 1 16 370 1 15 370 1 14 370 1 13 370 1 12 370 1 11 370 1 10 370 1 9 370 1 8 370 1 7 370 1 6 370 1 5 370 1 4 370 1 3 370 1 2 370 1 1 370
32 1 1 148 1 2 148 1 3 148 1 4 148 1 5 148 1 6 148 1 7 148 1 8 148 1 9 148 1 10 148 1 11 148 1 12 148 1 13 148 1 14 148 1 15 148 1 16 148 1 16 430 1 15 430 1 14 430 1 13 430 1 12 430 1 11 430 1 10 430 1 9 430 1 8 430 1 7 430 1 6 430 1 5 430 1 4 430 1 3 430 1 2 430 1 1 430
32 1 1 165 1 2 165 1 3 165 1 4 165 1 5 165 1 6 165 1 7 165 1 8 165 1 9 165 1 10 165 1 11 165 1 12 165 1 13 165 1 14 165 1 15 165 1 16 165 1 16 491 1 15 491 1 14 491 1 13 491 1 12 491 1 11 491 1 10 491 1 9 491 1 8 491 1 7 491 1 6 491 1 5 491 1 4 491 1 3 491 1 2 491 1 1 491
32 1 1 192 1 2 192 1 3 192 1 4 192 1 5 192 1 6 192 1 7 192 1 8 192 1 9 192 1 10 192 1 11 192 1 12 192 1 13 192 1 14 192 1 15 192 1 16 192 1 16 593 1 15 593 1 14 593 1 13 593 1 12 593 1 11 593 1 10 593 1 9 593 1 8 593 1 7 593 1 6 593 1 5 593 1 4 593 1 3 593 1 2 593 1 1 593
32 1 1 230 1 2 230 1 3 230 1 4 230 1 5 230 1 6 230 1 7 230 1 8 230 1 9 230 1 10 230 1 11 230 1 12 230 1 13 230 1 14 230 1 15 230 1 16 230 1 16 735 1 15 735 1 14 735 1 13 735 1 12 735 1 11 735 1 10 735 1 9 735 1 8 735 1 7 735 1 6 735 1 5 735 1 4 735 1 3 735 1 2 735 1 1 735
32 1 1 291 1 2 291 1 3 291 1 4 291 1 5 291 1 6 291 1 7 291 1 8 291 1 9 291 1 10 291 1 11 291 1 12 291 1 13 291 1 14 291 1 15 291 1 16 291 1 16 959 1 15 959 1 14 959 1 13 959 1 12 959 1 11 959 1 10 959 1 9 959 1 8 959 1 7 959 1 6 959 1 5 959 1 4 959 1 3 959 1 2 959 1 1 959
32 1 1 356 1 2 356 1 3 356 1 4 356 1 5 356 1 6 356 1 7 356 1 8 356 1 9 356 1 10 356 1 11 356 1 12 356 1 13 356 1 14 356 1 15 356 1 16 356 1 16 1202 1 15 1202 1 14 1202 1 13 1202 1 12 1202 1 11 1202 1 10 1202 1 9 1202 1 8 1202 1 7 1202 1 6 1202 1 5 1202 1 4 1202 1 3 1202 1 2 1202 1 1 1202
32 1 1 132 1 2 132 1 3 132 1 4 132 1 5 132 1 6 132 1 7 132 1 8 132 1 9 132 1 10 132 1 11 132 1 12 132 1 13 132 1 14 132 1 15 132 1 16 132 1 16 370 1 15 370 1 14 370 1 13 370 1 12 370 1 11 370 1 10 370 1 9 370 1 8 370 1 7 370 1 6 370 1 5 370 1 4 370 1 3 370 1 2 370 1 1 370
32 1 1 148 1 2 148 1 3 148 1 4 148 1 5 148 1 6 148 1 7 148 1 8 148 1 9 148 1 10 148 1 11 148 1 12 148 1 13 148 1 14 148 1 15 148 1 16 148 1 16 430 1 15 430 1 14 430 1 13 430 1 12 430 1 11 430 1 10 430 1 9 430 1 8 430 1 7 430 1 6 430 1 5 430 1 4 430 1 3 430 1 2 430 1 1 430
