30 14 1 
0 0 0 0 0 0 0 0 0 0 0 0 0 0
0 0 0 0
0 0
28 1 1 213 1 2 213 1 3 213 1 4 213 1 5 213 1 6 213 1 7 213 1 8 213 1 9 213 1 10 213 1 11 213 1 12 213 1 13 213 1 14 213 1 14 382 1 13 382 1 12 382 1 11 382 1 10 382 1 9 382 1 8 382 1 7 382 1 6 382 1 5 382 1 4 382 1 3 382 1 2 382 1 1 382
28 1 1 245 1 2 245 1 3 245 1 4 245 1 5 245 1 6 245 1 7 245 1 8 245 1 9 245 1 10 245 1 11 245 1 12 245 1 13 245 1 14 245 1 14 445 1 13 445 1 12 445 1 11 445 1 10 445 1 9 445 1 8 445 1 7 445 1 6 445 1 5 445 1 4 445 1 3 445 1 2 445 1 1 445
28 1 1 276 1 2 276 1 3 276 1 4 276 1 5 276 1 6 276 1 7 276 1 8 276 1 9 276 1 10 276 1 11 276 1 12 276 1 13 276 1 14 276 1 14 508 1 13 508 1 12 508 1 11 508 1 10 508 1 9 508 1 8 508 1 7 508 1 6 508 1 5 508 1 4 508 1 3 508 1 2 508 1 1 508
28 1 1 329 1 2 329 1 3 329 1 4 329 1 5 329 1 6 329 1 7 329 1 8 329 1 9 329 1 10 329 1 11 329 1 12 329 1 13 329 1 14 329 1 14 613 1 13 613 1 12 613 1 11 613 1 10 613 1 9 613 1 8 613 1 7 613 1 6 613 1 5 613 1 4 613 1 3 613 1 2 613 1 1 613
28 1 1 403 1 2 403 1 3 403 1 4 403 1 5 403 1 6 403 1 7 403 1 8 403 1 9 403 1 10 403 1 11 403 1 12 403 1 13 403 1 14 403 1 14 761 1 13 761 1 12 761 1 11 761 1 10 761 1 9 761 1 8 761 1 7 761 1 6 761 1 5 761 1 4 761 1 3 761 1 2 761 1 1 761
28 1 1 519 1 2 519 1 3 519 1 4 519 1 5 519 1 6 519 1 7 519 1 8 519 1 9 519 1 10 519 1 11 519 1 12 519 1 13 519 1 14 519 1 14 993 1 13 993 1 12 993 1 11 993 1 10 993 1 9 993 1 8 993 1 7 993 1 6 993 1 5 993 1 4 993 1 3 993 1 2 993 1 1 993
28 1 1 645 1 2 645 1 3 645 1 4 645 1 5 645 1 6 645 1 7 645 1 8 645 1 9 645 1 10 645 1 11 645 1 12 645 1 13 645 1 14 645 1 14 1246 1 13 1246 1 12 1246 1 11 1246 1 10 1246 1 9 1246 1 8 1246 1 7 1246 1 6 1246 1 5 1246 1 4 1246 1 3 1246 1 2 1246 1 1 1246
28 1 1 213 1 2 213 1 3 213 1 4 213 1 5 213 1 6 213 1 7 213 1 8 213 1 9 213 1 10 213 1 11 213 1 12 213 1 13 213 1 14 213 1 14 382 1 13 382 1 12 382 1 11 382 1 10 382 1 9 382 1 8 382 1 7 382 1 6 382 1 5 382 1 4 382 1 3 382 1 2 382 1 1 382
28 1 1 245 1 2 245 1 3 245 1 4 245 1 5 245 1 6 245 1 7 245 1 8 245 1 9 245 1 10 245 1 11 245 1 12 245 1 13 245 1 14 245 1 14 445 1 13 445 1 12 445 1 11 445 1 10 445 1 9 445 1 8 445 1 7 445 1 6 445 1 5 445 1 4 445 1 3 445 1 2 445 1 1 445
28 1 1 276 1 2 276 1 3 276 1 4 276 1 5 276 1 6 276 1 7 276 1 8 276 1 9 276 1 10 276 1 11 276 1 12 276 1 13 276 1 14 276 1 14 508 1 13 508 1 12 508 1 11 508 1 10 508 1 9 508 1 8 508 1 7 508 1 6 508 1 5 508 1 4 508 1 3 508 1 2 508 1 1 508
28 1 1 329 1 2 329 1 3 329 1 4 329 1 5 329 1 6 329 1 7 329 1 8 329 1 9 329 1 10 329 1 11 329 1 12 329 1 13 329 1 14 329 1 14 613 1 13 613 1 12 613 1 11 613 1 10 613 1 9 613 1 8 613 1 7 613 1 6 613 1 5 613 1 4 613 1 3 613 1 2 613 1 1 613
28 1 1 403 1 2 403 1 3 403 1 4 403 1 5 403 1 6 403 1 7 403 1 8 403 1 9 403 1 10 403 1 11 403 1 12 403 1 13 403 1 14 403 1 14 761 1 13 761 1 12 761 1 11 761 1 10 761 1 9 761 1 8 761 1 7 761 1 6 761 1 5 761 1 4 761 1 3 761 1 2 761 1 1 761
28 1 1 519 1 2 519 1 3 519 1 4 519 1 5 519 1 6 519 1 7 519 1 8 519 1 9 519 1 10 519 1 11 519 1 12 519 1 13 519 1 14 519 1 14 993 1 13 993 1 12 993 1 11 993 1 10 993 1 9 993 1 8 993 1 7 993 1 6 993 1 5 993 1 4 993 1 3 993 1 2 993 1 1 993
28 1 1 645 1 2 645 1 3 645 1 4 645 1 5 645 1 6 645 1 7 645 1 8 645 1 9 645 1 10 645 1 11 645 1 12 645 1 13 645 1 14 645 1 14 1246 1 13 1246 1 12 1246 1 11 1246 1 10 1246 1 9 1246 1 8 1246 1 7 1246 1 6 1246 1 5 1246 1 4 1246 1 3 1246 1 2 1246 1 1 1246
28 1 1 213 1 2 213 1 3 213 1 4 213 1 5 213 1 6 213 1 7 213 1 8 213 1 9 213 1 10 213 1 11 213 1 12 213 1 13 213 1 14 213 1 14 382 1 13 382 1 12 382 1 11 382 1 10 382 1 9 382 1 8 382 1 7 382 1 6 382 1 5 382 1 4 382 1 3 382 1 2 382 1 1 382
28 1 1 245 1 2 245 1 3 245 1 4 245 1 5 245 1 6 245 1 7 245 1 8 245 1 9 245 1 10 245 1 11 245 1 12 245 1 13 245 1 14 245 1 14 445 1 13 445 1 12 445 1 11 445 1 10 445 1 9 445 1 8 445 1 7 445 1 6 445 1 5 445 1 4 445 1 3 445 1 2 445 1 1 445
28 1 1 276 1 2 276 1 3 276 1 4 276 1 5 276 1 6 276 1 7 276 1 8 276 1 9 276 1 10 276 1 11 276 1 12 276 1 13 276 1 14 276 1 14 508 1 13 508 1 12 508 1 11 508 1 10 508 1 9 508 1 8 508 1 7 508 1 6 508 1 5 508 1 4 508 1 3 508 1 2 508 1 1 508
28 1 1 329 1 2 329 1 3 329 1 4 329 1 5 329 1 6 329 1 7 329 1 8 329 1 9 329 1 10 329 1 11 329 1 12 329 1 13 329 1 14 329 1 14 613 1 13 613 1 12 613 1 11 613 1 10 613 1 9 613 1 8 613 1 7 613 1 6 613 1 5 613 1 4 613 1 3 613 1 2 613 1 1 613
28 1 1 403 1 2 403 1 3 403 1 4 403 1 5 403 1 6 403 1 7 403 1 8 403 1 9 403 1 10 403 1 11 403 1 12 403 1 13 403 1 14 403 1 14 761 1 13 761 1 12 761 1 11 761 1 10 761 1 9 761 1 8 761 1 7 761 1 6 761 1 5 761 1 4 761 1 3 761 1 2 761 1 1 761
28 1 1 519 1 2 519 1 3 519 1 4 519 1 5 519 1 6 519 1 7 519 1 8 519 1 9 519 1 10 519 1 11 519 1 12 519 1 13 519 1 14 519 1 14 993 1 13 993 1 12 993 1 11 993 1 10 993 1 9 993 1 8 993 1 7 993 1 6 993 1 5 993 1 4 993 1 3 993 1 2 993 1 1 993
28 1 1 645 1 2 645 1 3 645 1 4 645 1 5 645 1 6 645 1 7 645 1 8 645 1 9 645 1 10 645 1 11 645 1 12 645 1 13 645 1 14 645 1 14 1246 1 13 1246 1 12 1246 1 11 1246 1 10 1246 1 9 1246 1 8 1246 1 7 1246 1 6 1246 1 5 1246 1 4 1246 1 3 1246 1 2 1246 1 1 1246
28 1 1 213 1 2 213 1 3 213 1 4 213 1 5 213 1 6 213 1 7 213 1 8 213 1 9 213 1 10 213 1 11 213 1 12 213 1 13 213 1 14 213 1 14 382 1 13 382 1 12 382 1 11 382 1 10 382 1 9 382 1 8 382 1 7 382 1 6 382 1 5 382 1 4 382 1 3 382 1 2 382 1 1 382
28 1 1 245 1 2 245 1 3 245 1 4 245 1 5 245 1 6 245 1 7 245 1 8 245 1 9 245 1 10 245 1 11 245 1 12 245 1 13 245 1 14 245 1 14 445 1 13 445 1 12 445 1 11 445 1 10 445 1 9 445 1 8 445 1 7 445 1 6 445 1 5 445 1 4 445 1 3 445 1 2 445 1 1 445
28 1 1 276 1 2 276 1 3 276 1 4 276 1 5 276 1 6 276 1 7 276 1 8 276 1 9 276 1 10 276 1 11 276 1 12 276 1 13 276 1 14 276 1 14 508 1 13 508 1 12 508 1 11 508 1 10 508 1 9 508 1 8 508 1 7 508 1 6 508 1 5 508 1 4 508 1 3 508 1 2 508 1 1 508
28 1 1 329 1 2 329 1 3 329 1 4 329 1 5 329 1 6 329 1 7 329 1 8 329 1 9 329 1 10 329 1 11 329 1 12 329 1 13 329 1 14 329 1 14 613 1 13 613 1 12 613 1 11 613 1 10 613 1 9 613 1 8 613 1 7 613 1 6 613 1 5 613 1 4 613 1 3 613 1 2 613 1 1 613
28 1 1 403 1 2 403 1 3 403 1 4 403 1 5 403 1 6 403 1 7 403 1 8 403 1 9 403 1 10 403 1 11 403 1 12 403 1 13 403 1 14 403 1 14 761 1 13 761 1 12 761 1 11 761 1 10 761 1 9 761 1 8 761 1 7 761 1 6 761 1 5 761 1 4 761 1 3 761 1 2 761 1 1 761
28 1 1 519 1 2 519 1 3 519 1 4 519 1 5 519 1 6 519 1 7 519 1 8 519 1 9 519 1 10 519 1 11 519 1 12 519 1 13 519 1 14 519 1 14 993 1 13 993 1 12 993 1 11 993 1 10 993 1 9 993 1 8 993 1 7 993 1 6 993 1 5 993 1 4 993 1 3 993 1 2 993 1 1 993
28 1 1 645 1 2 645 1 3 645 1 4 645 1 5 645 1 6 645 1 7 645 1 8 645 1 9 645 1 10 645 1 11 645 1 12 645 1 13 645 1 14 645 1 14 1246 1 13 1246 1 12 1246 1 11 1246 1 10 1246 1 9 1246 1 8 1246 1 7 1246 1 6 1246 1 5 1246 1 4 1246 1 3 1246 1 2 1246 1 1 1246
28 1 1 213 1 2 213 1 3 213 1 4 213 1 5 213 1 6 213 1 7 213 1 8 213 1 9 213 1 10 213 1 11 213 1 12 213 1 13 213 1 14 213 1 14 382 1 13 382 1 12 382 1 11 382 1 10 382 1 9 382 1 8 382 1 7 382 1 6 382 1 5 382 1 4 382 1 3 382 1 2 382 1 1 382
28 1 1 245 1 2 245 1 3 245 1 4 245 1 5 245 1 6 245 1 7 245 1 8 245 1 9 245 1 10 245 1 11 245 1 12 245 1 13 245 1 14 245 1 14 445 1 13 445 1 12 445 1 11 445 1 10 445 1 9 445 1 8 445 1 7 445 1 6 445 1 5 445 1 4 445 1 3 445 1 2 445 1 1 445
