30 16 1 
0 0 0 0 0 0 0 0 0 0 0 0 0 0 0 0
0 0 0 0
0 0
32 1 1 207 1 2 207 1 3 207 1 4 207 1 5 207 1 6 207 1 7 207 1 8 207 1 9 207 1 10 207 1 11 207 1 12 207 1 13 207 1 14 207 1 15 207 1 16 207 1 16 370 1 15 370 1 14 370 1 13 370 1 12 370 1 11 370 1 10 370 1 9 370 1 8 370 1 7 370 1 6 370 1 5 370 1 4 370 1 3 370 1 2 370 1 1 370
32 1 1 237 1 2 237 1 3 237 1 4 237 1 5 237 1 6 237 1 7 237 1 8 237 1 9 237 1 10 237 1 11 237 1 12 237 1 13 237 1 14 237 1 15 237 1 16 237 1 16 430 1 15 430 1 14 430 1 13 430 1 12 430 1 11 430 1 10 430 1 9 430 1 8 430 1 7 430 1 6 430 1 5 430 1 4 430 1 3 430 1 2 430 1 1 430
32 1 1 268 1 2 268 1 3 268 1 4 268 1 5 268 1 6 268 1 7 268 1 8 268 1 9 268 1 10 268 1 11 268 1 12 268 1 13 268 1 14 268 1 15 268 1 16 268 1 16 491 1 15 491 1 14 491 1 13 491 1 12 491 1 11 491 1 10 491 1 9 491 1 8 491 1 7 491 1 6 491 1 5 491 1 4 491 1 3 491 1 2 491 1 1 491
32 1 1 319 1 2 319 1 3 319 1 4 319 1 5 319 1 6 319 1 7 319 1 8 319 1 9 319 1 10 319 1 11 319 1 12 319 1 13 319 1 14 319 1 15 319 1 16 319 1 16 593 1 15 593 1 14 593 1 13 593 1 12 593 1 11 593 1 10 593 1 9 593 1 8 593 1 7 593 1 6 593 1 5 593 1 4 593 1 3 593 1 2 593 1 1 593
32 1 1 390 1 2 390 1 3 390 1 4 390 1 5 390 1 6 390 1 7 390 1 8 390 1 9 390 1 10 390 1 11 390 1 12 390 1 13 390 1 14 390 1 15 390 1 16 390 1 16 735 1 15 735 1 14 735 1 13 735 1 12 735 1 11 735 1 10 735 1 9 735 1 8 735 1 7 735 1 6 735 1 5 735 1 4 735 1 3 735 1 2 735 1 1 735
32 1 1 502 1 2 502 1 3 502 1 4 502 1 5 502 1 6 502 1 7 502 1 8 502 1 9 502 1 10 502 1 11 502 1 12 502 1 13 502 1 14 502 1 15 502 1 16 502 1 16 959 1 15 959 1 14 959 1 13 959 1 12 959 1 11 959 1 10 959 1 9 959 1 8 959 1 7 959 1 6 959 1 5 959 1 4 959 1 3 959 1 2 959 1 1 959
32 1 1 623 1 2 623 1 3 623 1 4 623 1 5 623 1 6 623 1 7 623 1 8 623 1 9 623 1 10 623 1 11 623 1 12 623 1 13 623 1 14 623 1 15 623 1 16 623 1 16 1202 1 15 1202 1 14 1202 1 13 1202 1 12 1202 1 11 1202 1 10 1202 1 9 1202 1 8 1202 1 7 1202 1 6 1202 1 5 1202 1 4 1202 1 3 1202 1 2 1202 1 1 1202
32 1 1 207 1 2 207 1 3 207 1 4 207 1 5 207 1 6 207 1 7 207 1 8 207 1 9 207 1 10 207 1 11 207 1 12 207 1 13 207 1 14 207 1 15 207 1 16 207 1 16 370 1 15 370 1 14 370 1 13 370 1 12 370 1 11 370 1 10 370 1 9 370 1 8 370 1 7 370 1 6 370 1 5 370 1 4 370 1 3 370 1 2 370 1 1 370
32 1 1 237 1 2 237 1 3 237 1 4 237 1 5 237 1 6 237 1 7 237 1 8 237 1 9 237 1 10 237 1 11 237 1 12 237 1 13 237 1 14 237 1 15 237 1 16 237 1 16 430 1 15 430 1 14 430 1 13 430 1 12 430 1 11 430 1 10 430 1 9 430 1 8 430 1 7 430 1 6 430 1 5 430 1 4 430 1 3 430 1 2 430 1 1 430
32 1 1 268 1 2 268 1 3 268 1 4 268 1 5 268 1 6 268 1 7 268 1 8 268 1 9 268 1 10 268 1 11 268 1 12 268 1 13 268 1 14 268 1 15 268 1 16 268 1 16 491 1 15 491 1 14 491 1 13 491 1 12 491 1 11 491 1 10 491 1 9 491 1 8 491 1 7 491 1 6 491 1 5 491 1 4 491 1 3 491 1 2 491 1 1 491
32 1 1 319 1 2 319 1 3 319 1 4 319 1 5 319 1 6 319 1 7 319 1 8 319 1 9 319 1 10 319 1 11 319 1 12 319 1 13 319 1 14 319 1 15 319 1 16 319 1 16 593 1 15 593 1 14 593 1 13 593 1 12 593 1 11 593 1 10 593 1 9 593 1 8 593 1 7 593 1 6 593 1 5 593 1 4 593 1 3 593 1 2 593 1 1 593
32 1 1 390 1 2 390 1 3 390 1 4 390 1 5 390 1 6 390 1 7 390 1 8 390 1 9 390 1 10 390 1 11 390 1 12 390 1 13 390 1 14 390 1 15 390 1 16 390 1 16 735 1 15 735 1 14 735 1 13 735 1 12 735 1 11 735 1 10 735 1 9 735 1 8 735 1 7 735 1 6 735 1 5 735 1 4 735 1 3 735 1 2 735 1 1 735
32 1 1 502 1 2 502 1 3 502 1 4 502 1 5 502 1 6 502 1 7 502 1 8 502 1 9 502 1 10 502 1 11 502 1 12 502 1 13 502 1 14 502 1 15 502 1 16 502 1 16 959 1 15 959 1 14 959 1 13 959 1 12 959 1 11 959 1 10 959 1 9 959 1 8 959 1 7 959 1 6 959 1 5 959 1 4 959 1 3 959 1 2 959 1 1 959
32 1 1 623 1 2 623 1 3 623 1 4 623 1 5 623 1 6 623 1 7 623 1 8 623 1 9 623 1 10 623 1 11 623 1 12 623 1 13 623 1 14 623 1 15 623 1 16 623 1 16 1202 1 15 1202 1 14 1202 1 13 1202 1 12 1202 1 11 1202 1 10 1202 1 9 1202 1 8 1202 1 7 1202 1 6 1202 1 5 1202 1 4 1202 1 3 1202 1 2 1202 1 1 1202
32 1 1 207 1 2 207 1 3 207 1 4 207 1 5 207 1 6 207 1 7 207 1 8 207 1 9 207 1 10 207 1 11 207 1 12 207 1 13 207 1 14 207 1 15 207 1 16 207 1 16 370 1 15 370 1 14 370 1 13 370 1 12 370 1 11 370 1 10 370 1 9 370 1 8 370 1 7 370 1 6 370 1 5 370 1 4 370 1 3 370 1 2 370 1 1 370
32 1 1 237 1 2 237 1 3 237 1 4 237 1 5 237 1 6 237 1 7 237 1 8 237 1 9 237 1 10 237 1 11 237 1 12 237 1 13 237 1 14 237 1 15 237 1 16 237 1 16 430 1 15 430 1 14 430 1 13 430 1 12 430 1 11 430 1 10 430 1 9 430 1 8 430 1 7 430 1 6 430 1 5 430 1 4 430 1 3 430 1 2 430 1 1 430
32 1 1 268 1 2 268 1 3 268 1 4 268 1 5 268 1 6 268 1 7 268 1 8 268 1 9 268 1 10 268 1 11 268 1 12 268 1 13 268 1 14 268 1 15 268 1 16 268 1 16 491 1 15 491 1 14 491 1 13 491 1 12 491 1 11 491 1 10 491 1 9 491 1 8 491 1 7 491 1 6 491 1 5 491 1 4 491 1 3 491 1 2 491 1 1 491
32 1 1 319 1 2 319 1 3 319 1 4 319 1 5 319 1 6 319 1 7 319 1 8 319 1 9 319 1 10 319 1 11 319 1 12 319 1 13 319 1 14 319 1 15 319 1 16 319 1 16 593 1 15 593 1 14 593 1 13 593 1 12 593 1 11 593 1 10 593 1 9 593 1 8 593 1 7 593 1 6 593 1 5 593 1 4 593 1 3 593 1 2 593 1 1 593
32 1 1 390 1 2 390 1 3 390 1 4 390 1 5 390 1 6 390 1 7 390 1 8 390 1 9 390 1 10 390 1 11 390 1 12 390 1 13 390 1 14 390 1 15 390 1 16 390 1 16 735 1 15 735 1 14 735 1 13 735 1 12 735 1 11 735 1 10 735 1 9 735 1 8 735 1 7 735 1 6 735 1 5 735 1 4 735 1 3 735 1 2 735 1 1 735
32 1 1 502 1 2 502 1 3 502 1 4 502 1 5 502 1 6 502 1 7 502 1 8 502 1 9 502 1 10 502 1 11 502 1 12 502 1 13 502 1 14 502 1 15 502 1 16 502 1 16 959 1 15 959 1 14 959 1 13 959 1 12 959 1 11 959 1 10 959 1 9 959 1 8 959 1 7 959 1 6 959 1 5 959 1 4 959 1 3 959 1 2 959 1 1 959
32 1 1 623 1 2 623 1 3 623 1 4 623 1 5 623 1 6 623 1 7 623 1 8 623 1 9 623 1 10 623 1 11 623 1 12 623 1 13 623 1 14 623 1 15 623 1 16 623 1 16 1202 1 15 1202 1 14 1202 1 13 1202 1 12 1202 1 11 1202 1 10 1202 1 9 1202 1 8 1202 1 7 1202 1 6 1202 1 5 1202 1 4 1202 1 3 1202 1 2 1202 1 1 1202
32 1 1 207 1 2 207 1 3 207 1 4 207 1 5 207 1 6 207 1 7 207 1 8 207 1 9 207 1 10 207 1 11 207 1 12 207 1 13 207 1 14 207 1 15 207 1 16 207 1 16 370 1 15 370 1 14 370 1 13 370 1 12 370 1 11 370 1 10 370 1 9 370 1 8 370 1 7 370 1 6 370 1 5 370 1 4 370 1 3 370 1 2 370 1 1 370
32 1 1 237 1 2 237 1 3 237 1 4 237 1 5 237 1 6 237 1 7 237 1 8 237 1 9 237 1 10 237 1 11 237 1 12 237 1 13 237 1 14 237 1 15 237 1 16 237 1 16 430 1 15 430 1 14 430 1 13 430 1 12 430 1 11 430 1 10 430 1 9 430 1 8 430 1 7 430 1 6 430 1 5 430 1 4 430 1 3 430 1 2 430 1 1 430
32 1 1 268 1 2 268 1 3 268 1 4 268 1 5 268 1 6 268 1 7 268 1 8 268 1 9 268 1 10 268 1 11 268 1 12 268 1 13 268 1 14 268 1 15 268 1 16 268 1 16 491 1 15 491 1 14 491 1 13 491 1 12 491 1 11 491 1 10 491 1 9 491 1 8 491 1 7 491 1 6 491 1 5 491 1 4 491 1 3 491 1 2 491 1 1 491
32 1 1 319 1 2 319 1 3 319 1 4 319 1 5 319 1 6 319 1 7 319 1 8 319 1 9 319 1 10 319 1 11 319 1 12 319 1 13 319 1 14 319 1 15 319 1 16 319 1 16 593 1 15 593 1 14 593 1 13 593 1 12 593 1 11 593 1 10 593 1 9 593 1 8 593 1 7 593 1 6 593 1 5 593 1 4 593 1 3 593 1 2 593 1 1 593
32 1 1 390 1 2 390 1 3 390 1 4 390 1 5 390 1 6 390 1 7 390 1 8 390 1 9 390 1 10 390 1 11 390 1 12 390 1 13 390 1 14 390 1 15 390 1 16 390 1 16 735 1 15 735 1 14 735 1 13 735 1 12 735 1 11 735 1 10 735 1 9 735 1 8 735 1 7 735 1 6 735 1 5 735 1 4 735 1 3 735 1 2 735 1 1 735
32 1 1 502 1 2 502 1 3 502 1 4 502 1 5 502 1 6 502 1 7 502 1 8 502 1 9 502 1 10 502 1 11 502 1 12 502 1 13 502 1 14 502 1 15 502 1 16 502 1 16 959 1 15 959 1 14 959 1 13 959 1 12 959 1 11 959 1 10 959 1 9 959 1 8 959 1 7 959 1 6 959 1 5 959 1 4 959 1 3 959 1 2 959 1 1 959
32 1 1 623 1 2 623 1 3 623 1 4 623 1 5 623 1 6 623 1 7 623 1 8 623 1 9 623 1 10 623 1 11 623 1 12 623 1 13 623 1 14 623 1 15 623 1 16 623 1 16 1202 1 15 1202 1 14 1202 1 13 1202 1 12 1202 1 11 1202 1 10 1202 1 9 1202 1 8 1202 1 7 1202 1 6 1202 1 5 1202 1 4 1202 1 3 1202 1 2 1202 1 1 1202
32 1 1 207 1 2 207 1 3 207 1 4 207 1 5 207 1 6 207 1 7 207 1 8 207 1 9 207 1 10 207 1 11 207 1 12 207 1 13 207 1 14 207 1 15 207 1 16 207 1 16 370 1 15 370 1 14 370 1 13 370 1 12 370 1 11 370 1 10 370 1 9 370 1 8 370 1 7 370 1 6 370 1 5 370 1 4 370 1 3 370 1 2 370 1 1 370
32 1 1 237 1 2 237 1 3 237 1 4 237 1 5 237 1 6 237 1 7 237 1 8 237 1 9 237 1 10 237 1 11 237 1 12 237 1 13 237 1 14 237 1 15 237 1 16 237 1 16 430 1 15 430 1 14 430 1 13 430 1 12 430 1 11 430 1 10 430 1 9 430 1 8 430 1 7 430 1 6 430 1 5 430 1 4 430 1 3 430 1 2 430 1 1 430
