30 4 1
0 0 0 0
0 0 0 0
0 0
8 1 1 275 1 2 275 1 3 275 1 4 275 1 4 625 1 3 625 1 2 625 1 1 625
8 1 1 318 1 2 318 1 3 318 1 4 318 1 4 733 1 3 733 1 2 733 1 1 733
8 1 1 361 1 2 361 1 3 361 1 4 361 1 4 842 1 3 842 1 2 842 1 1 842
8 1 1 433 1 2 433 1 3 433 1 4 433 1 4 1023 1 3 1023 1 2 1023 1 1 1023
8 1 1 533 1 2 533 1 3 533 1 4 533 1 4 1277 1 3 1277 1 2 1277 1 1 1277
8 1 1 691 1 2 691 1 3 691 1 4 691 1 4 1676 1 3 1676 1 2 1676 1 1 1676
8 1 1 864 1 2 864 1 3 864 1 4 864 1 4 2111 1 3 2111 1 2 2111 1 1 2111
8 1 1 275 1 2 275 1 3 275 1 4 275 1 4 625 1 3 625 1 2 625 1 1 625
8 1 1 318 1 2 318 1 3 318 1 4 318 1 4 733 1 3 733 1 2 733 1 1 733
8 1 1 361 1 2 361 1 3 361 1 4 361 1 4 842 1 3 842 1 2 842 1 1 842
8 1 1 433 1 2 433 1 3 433 1 4 433 1 4 1023 1 3 1023 1 2 1023 1 1 1023
8 1 1 533 1 2 533 1 3 533 1 4 533 1 4 1277 1 3 1277 1 2 1277 1 1 1277
8 1 1 691 1 2 691 1 3 691 1 4 691 1 4 1676 1 3 1676 1 2 1676 1 1 1676
8 1 1 864 1 2 864 1 3 864 1 4 864 1 4 2111 1 3 2111 1 2 2111 1 1 2111
8 1 1 275 1 2 275 1 3 275 1 4 275 1 4 625 1 3 625 1 2 625 1 1 625
8 1 1 318 1 2 318 1 3 318 1 4 318 1 4 733 1 3 733 1 2 733 1 1 733
8 1 1 361 1 2 361 1 3 361 1 4 361 1 4 842 1 3 842 1 2 842 1 1 842
8 1 1 433 1 2 433 1 3 433 1 4 433 1 4 1023 1 3 1023 1 2 1023 1 1 1023
8 1 1 533 1 2 533 1 3 533 1 4 533 1 4 1277 1 3 1277 1 2 1277 1 1 1277
8 1 1 691 1 2 691 1 3 691 1 4 691 1 4 1676 1 3 1676 1 2 1676 1 1 1676
8 1 1 864 1 2 864 1 3 864 1 4 864 1 4 2111 1 3 2111 1 2 2111 1 1 2111
8 1 1 275 1 2 275 1 3 275 1 4 275 1 4 625 1 3 625 1 2 625 1 1 625
8 1 1 318 1 2 318 1 3 318 1 4 318 1 4 733 1 3 733 1 2 733 1 1 733
8 1 1 361 1 2 361 1 3 361 1 4 361 1 4 842 1 3 842 1 2 842 1 1 842
8 1 1 433 1 2 433 1 3 433 1 4 433 1 4 1023 1 3 1023 1 2 1023 1 1 1023
8 1 1 533 1 2 533 1 3 533 1 4 533 1 4 1277 1 3 1277 1 2 1277 1 1 1277
8 1 1 691 1 2 691 1 3 691 1 4 691 1 4 1676 1 3 1676 1 2 1676 1 1 1676
8 1 1 864 1 2 864 1 3 864 1 4 864 1 4 2111 1 3 2111 1 2 2111 1 1 2111
8 1 1 275 1 2 275 1 3 275 1 4 275 1 4 625 1 3 625 1 2 625 1 1 625
8 1 1 318 1 2 318 1 3 318 1 4 318 1 4 733 1 3 733 1 2 733 1 1 733
