40 4 1
0 0 0 0
0 0 0 0
0 0
8 1 1 422 1 2 422 1 3 422 1 4 422 1 4 799 1 3 799 1 2 799 1 1 799
8 1 1 492 1 2 492 1 3 492 1 4 492 1 4 940 1 3 940 1 2 940 1 1 940
8 1 1 563 1 2 563 1 3 563 1 4 563 1 4 1081 1 3 1081 1 2 1081 1 1 1081
8 1 1 681 1 2 681 1 3 681 1 4 681 1 4 1317 1 3 1317 1 2 1317 1 1 1317
8 1 1 846 1 2 846 1 3 846 1 4 846 1 4 1647 1 3 1647 1 2 1647 1 1 1647
8 1 1 1105 1 2 1105 1 3 1105 1 4 1105 1 4 2165 1 3 2165 1 2 2165 1 1 2165
8 1 1 1388 1 2 1388 1 3 1388 1 4 1388 1 4 2731 1 3 2731 1 2 2731 1 1 2731
8 1 1 422 1 2 422 1 3 422 1 4 422 1 4 799 1 3 799 1 2 799 1 1 799
8 1 1 492 1 2 492 1 3 492 1 4 492 1 4 940 1 3 940 1 2 940 1 1 940
8 1 1 563 1 2 563 1 3 563 1 4 563 1 4 1081 1 3 1081 1 2 1081 1 1 1081
8 1 1 681 1 2 681 1 3 681 1 4 681 1 4 1317 1 3 1317 1 2 1317 1 1 1317
8 1 1 846 1 2 846 1 3 846 1 4 846 1 4 1647 1 3 1647 1 2 1647 1 1 1647
8 1 1 1105 1 2 1105 1 3 1105 1 4 1105 1 4 2165 1 3 2165 1 2 2165 1 1 2165
8 1 1 1388 1 2 1388 1 3 1388 1 4 1388 1 4 2731 1 3 2731 1 2 2731 1 1 2731
8 1 1 422 1 2 422 1 3 422 1 4 422 1 4 799 1 3 799 1 2 799 1 1 799
8 1 1 492 1 2 492 1 3 492 1 4 492 1 4 940 1 3 940 1 2 940 1 1 940
8 1 1 563 1 2 563 1 3 563 1 4 563 1 4 1081 1 3 1081 1 2 1081 1 1 1081
8 1 1 681 1 2 681 1 3 681 1 4 681 1 4 1317 1 3 1317 1 2 1317 1 1 1317
8 1 1 846 1 2 846 1 3 846 1 4 846 1 4 1647 1 3 1647 1 2 1647 1 1 1647
8 1 1 1105 1 2 1105 1 3 1105 1 4 1105 1 4 2165 1 3 2165 1 2 2165 1 1 2165
8 1 1 1388 1 2 1388 1 3 1388 1 4 1388 1 4 2731 1 3 2731 1 2 2731 1 1 2731
8 1 1 422 1 2 422 1 3 422 1 4 422 1 4 799 1 3 799 1 2 799 1 1 799
8 1 1 492 1 2 492 1 3 492 1 4 492 1 4 940 1 3 940 1 2 940 1 1 940
8 1 1 563 1 2 563 1 3 563 1 4 563 1 4 1081 1 3 1081 1 2 1081 1 1 1081
8 1 1 681 1 2 681 1 3 681 1 4 681 1 4 1317 1 3 1317 1 2 1317 1 1 1317
8 1 1 846 1 2 846 1 3 846 1 4 846 1 4 1647 1 3 1647 1 2 1647 1 1 1647
8 1 1 1105 1 2 1105 1 3 1105 1 4 1105 1 4 2165 1 3 2165 1 2 2165 1 1 2165
8 1 1 1388 1 2 1388 1 3 1388 1 4 1388 1 4 2731 1 3 2731 1 2 2731 1 1 2731
8 1 1 422 1 2 422 1 3 422 1 4 422 1 4 799 1 3 799 1 2 799 1 1 799
8 1 1 492 1 2 492 1 3 492 1 4 492 1 4 940 1 3 940 1 2 940 1 1 940
8 1 1 563 1 2 563 1 3 563 1 4 563 1 4 1081 1 3 1081 1 2 1081 1 1 1081
8 1 1 681 1 2 681 1 3 681 1 4 681 1 4 1317 1 3 1317 1 2 1317 1 1 1317
8 1 1 846 1 2 846 1 3 846 1 4 846 1 4 1647 1 3 1647 1 2 1647 1 1 1647
8 1 1 1105 1 2 1105 1 3 1105 1 4 1105 1 4 2165 1 3 2165 1 2 2165 1 1 2165
8 1 1 1388 1 2 1388 1 3 1388 1 4 1388 1 4 2731 1 3 2731 1 2 2731 1 1 2731
8 1 1 422 1 2 422 1 3 422 1 4 422 1 4 799 1 3 799 1 2 799 1 1 799
8 1 1 492 1 2 492 1 3 492 1 4 492 1 4 940 1 3 940 1 2 940 1 1 940
8 1 1 563 1 2 563 1 3 563 1 4 563 1 4 1081 1 3 1081 1 2 1081 1 1 1081
8 1 1 681 1 2 681 1 3 681 1 4 681 1 4 1317 1 3 1317 1 2 1317 1 1 1317
8 1 1 846 1 2 846 1 3 846 1 4 846 1 4 1647 1 3 1647 1 2 1647 1 1 1647
