15 4 1
0 0 0 0
0 0 0 0
0 0
8 1 1 335 1 2 335 1 3 335 1 4 335 1 4 625 1 3 625 1 2 625 1 1 625
8 1 1 389 1 2 389 1 3 389 1 4 389 1 4 733 1 3 733 1 2 733 1 1 733
8 1 1 443 1 2 443 1 3 443 1 4 443 1 4 842 1 3 842 1 2 842 1 1 842
8 1 1 534 1 2 534 1 3 534 1 4 534 1 4 1023 1 3 1023 1 2 1023 1 1 1023
8 1 1 661 1 2 661 1 3 661 1 4 661 1 4 1277 1 3 1277 1 2 1277 1 1 1277
8 1 1 860 1 2 860 1 3 860 1 4 860 1 4 1676 1 3 1676 1 2 1676 1 1 1676
8 1 1 1078 1 2 1078 1 3 1078 1 4 1078 1 4 2111 1 3 2111 1 2 2111 1 1 2111
8 1 1 335 1 2 335 1 3 335 1 4 335 1 4 625 1 3 625 1 2 625 1 1 625
8 1 1 389 1 2 389 1 3 389 1 4 389 1 4 733 1 3 733 1 2 733 1 1 733
8 1 1 443 1 2 443 1 3 443 1 4 443 1 4 842 1 3 842 1 2 842 1 1 842
8 1 1 534 1 2 534 1 3 534 1 4 534 1 4 1023 1 3 1023 1 2 1023 1 1 1023
8 1 1 661 1 2 661 1 3 661 1 4 661 1 4 1277 1 3 1277 1 2 1277 1 1 1277
8 1 1 860 1 2 860 1 3 860 1 4 860 1 4 1676 1 3 1676 1 2 1676 1 1 1676
8 1 1 1078 1 2 1078 1 3 1078 1 4 1078 1 4 2111 1 3 2111 1 2 2111 1 1 2111
8 1 1 335 1 2 335 1 3 335 1 4 335 1 4 625 1 3 625 1 2 625 1 1 625
