20 4 1
0 0 0 0
0 0 0 0
0 0
8 1 1 301 1 2 301 1 3 301 1 4 301 1 4 591 1 3 591 1 2 591 1 1 591
8 1 1 355 1 2 355 1 3 355 1 4 355 1 4 700 1 3 700 1 2 700 1 1 700
8 1 1 410 1 2 410 1 3 410 1 4 410 1 4 808 1 3 808 1 2 808 1 1 808
8 1 1 500 1 2 500 1 3 500 1 4 500 1 4 990 1 3 990 1 2 990 1 1 990
8 1 1 627 1 2 627 1 3 627 1 4 627 1 4 1243 1 3 1243 1 2 1243 1 1 1243
8 1 1 826 1 2 826 1 3 826 1 4 826 1 4 1642 1 3 1642 1 2 1642 1 1 1642
8 1 1 1044 1 2 1044 1 3 1044 1 4 1044 1 4 2077 1 3 2077 1 2 2077 1 1 2077
8 1 1 301 1 2 301 1 3 301 1 4 301 1 4 591 1 3 591 1 2 591 1 1 591
8 1 1 355 1 2 355 1 3 355 1 4 355 1 4 700 1 3 700 1 2 700 1 1 700
8 1 1 410 1 2 410 1 3 410 1 4 410 1 4 808 1 3 808 1 2 808 1 1 808
8 1 1 500 1 2 500 1 3 500 1 4 500 1 4 990 1 3 990 1 2 990 1 1 990
8 1 1 627 1 2 627 1 3 627 1 4 627 1 4 1243 1 3 1243 1 2 1243 1 1 1243
8 1 1 826 1 2 826 1 3 826 1 4 826 1 4 1642 1 3 1642 1 2 1642 1 1 1642
8 1 1 1044 1 2 1044 1 3 1044 1 4 1044 1 4 2077 1 3 2077 1 2 2077 1 1 2077
8 1 1 301 1 2 301 1 3 301 1 4 301 1 4 591 1 3 591 1 2 591 1 1 591
8 1 1 355 1 2 355 1 3 355 1 4 355 1 4 700 1 3 700 1 2 700 1 1 700
8 1 1 410 1 2 410 1 3 410 1 4 410 1 4 808 1 3 808 1 2 808 1 1 808
8 1 1 500 1 2 500 1 3 500 1 4 500 1 4 990 1 3 990 1 2 990 1 1 990
8 1 1 627 1 2 627 1 3 627 1 4 627 1 4 1243 1 3 1243 1 2 1243 1 1 1243
8 1 1 826 1 2 826 1 3 826 1 4 826 1 4 1642 1 3 1642 1 2 1642 1 1 1642
